0 0 100
0 5 100
0 10 100
0 15 100
0 20 100
0 25 100
0 30 100
0 35 100
0 40 100
0 45 100
0 50 100
0 55 100
0 60 100
0 65 100
0 70 100
0 75 100
0 80 100
0 85 100
0 90 100
0 95 100
0 100 100
0 105 100
0 110 100
0 115 100
0 120 100
0 125 100
0 130 100
0 135 100
0 140 100
0 145 100
0 150 100
0 155 100
0 160 100
0 165 100
0 170 100
0 175 100
5 0 100
5 5 100
5 10 100
5 15 100
5 20 100
5 25 100
5 30 100
5 35 100
5 40 100
5 45 100
5 50 100
5 55 100
5 60 100
5 65 100
5 70 100
5 75 100
5 80 100
5 85 100
5 90 100
5 95 100
5 100 100
5 105 100
5 110 100
5 115 100
5 120 100
5 125 100
5 130 100
5 135 100
5 140 100
5 145 100
5 150 100
5 155 100
5 160 100
5 165 100
5 170 100
5 175 100
10 0 100
10 5 100
10 10 100
10 15 100
10 20 100
10 25 100
10 30 100
10 35 100
10 40 100
10 45 100
10 50 100
10 55 100
10 60 100
10 65 100
10 70 100
10 75 100
10 80 100
10 85 100
10 90 100
10 95 100
10 100 100
10 105 100
10 110 100
10 115 100
10 120 100
10 125 100
10 130 100
10 135 100
10 140 100
10 145 100
10 150 100
10 155 100
10 160 100
10 165 100
10 170 100
10 175 100
15 0 100
15 5 100
15 10 100
15 15 100
15 20 100
15 25 100
15 30 100
15 35 100
15 40 100
15 45 100
15 50 100
15 55 100
15 60 100
15 65 100
15 70 100
15 75 100
15 80 100
15 85 100
15 90 100
15 95 100
15 100 100
15 105 100
15 110 100
15 115 100
15 120 100
15 125 100
15 130 100
15 135 100
15 140 100
15 145 100
15 150 100
15 155 100
15 160 100
15 165 100
15 170 100
15 175 100
20 0 100
20 5 100
20 10 100
20 15 100
20 20 100
20 25 100
20 30 100
20 35 100
20 40 100
20 45 100
20 50 100
20 55 100
20 60 100
20 65 100
20 70 100
20 75 100
20 80 100
20 85 100
20 90 100
20 95 100
20 100 100
20 105 100
20 110 100
20 115 100
20 120 100
20 125 100
20 130 100
20 135 100
20 140 100
20 145 100
20 150 100
20 155 100
20 160 100
20 165 100
20 170 100
20 175 100
25 0 100
25 5 100
25 10 100
25 15 100
25 20 100
25 25 100
25 30 100
25 35 100
25 40 100
25 45 100
25 50 100
25 55 100
25 60 100
25 65 100
25 70 100
25 75 100
25 80 100
25 85 100
25 90 100
25 95 100
25 100 100
25 105 100
25 110 100
25 115 100
25 120 100
25 125 100
25 130 100
25 135 100
25 140 100
25 145 100
25 150 100
25 155 100
25 160 100
25 165 100
25 170 100
25 175 100
30 0 100
30 5 100
30 10 100
30 15 100
30 20 100
30 25 100
30 30 100
30 35 100
30 40 100
30 45 100
30 50 100
30 55 100
30 60 100
30 65 100
30 70 100
30 75 100
30 80 100
30 85 100
30 90 100
30 95 100
30 100 100
30 105 100
30 110 100
30 115 100
30 120 100
30 125 100
30 130 100
30 135 100
30 140 100
30 145 100
30 150 100
30 155 100
30 160 100
30 165 100
30 170 100
30 175 100
35 0 100
35 5 100
35 10 100
35 15 100
35 20 100
35 25 100
35 30 100
35 35 100
35 40 100
35 45 100
35 50 100
35 55 100
35 60 100
35 65 100
35 70 100
35 75 100
35 80 100
35 85 100
35 90 100
35 95 100
35 100 100
35 105 100
35 110 100
35 115 100
35 120 100
35 125 100
35 130 100
35 135 100
35 140 100
35 145 100
35 150 100
35 155 100
35 160 100
35 165 100
35 170 100
35 175 100
40 0 100
40 5 100
40 10 100
40 15 100
40 20 100
40 25 100
40 30 100
40 35 100
40 40 100
40 45 100
40 50 100
40 55 100
40 60 100
40 65 100
40 70 100
40 75 100
40 80 100
40 85 100
40 90 100
40 95 100
40 100 100
40 105 100
40 110 100
40 115 100
40 120 100
40 125 100
40 130 100
40 135 100
40 140 100
40 145 100
40 150 100
40 155 100
40 160 100
40 165 100
40 170 100
40 175 100
45 0 100
45 5 100
45 10 100
45 15 100
45 20 100
45 25 100
45 30 100
45 35 100
45 40 100
45 45 100
45 50 100
45 55 100
45 60 100
45 65 100
45 70 100
45 75 100
45 80 100
45 85 100
45 90 100
45 95 100
45 100 100
45 105 100
45 110 100
45 115 100
45 120 100
45 125 100
45 130 100
45 135 100
45 140 100
45 145 100
45 150 100
45 155 100
45 160 100
45 165 100
45 170 100
45 175 100
50 0 100
50 5 100
50 10 100
50 15 100
50 20 100
50 25 100
50 30 100
50 35 100
50 40 100
50 45 100
50 50 100
50 55 100
50 60 100
50 65 100
50 70 100
50 75 100
50 80 100
50 85 100
50 90 100
50 95 100
50 100 100
50 105 100
50 110 100
50 115 100
50 120 100
50 125 100
50 130 100
50 135 100
50 140 100
50 145 100
50 150 100
50 155 100
50 160 100
50 165 100
50 170 100
50 175 100
55 0 100
55 5 100
55 10 100
55 15 100
55 20 100
55 25 100
55 30 100
55 35 100
55 40 100
55 45 100
55 50 100
55 55 100
55 60 100
55 65 100
55 70 100
55 75 100
55 80 100
55 85 100
55 90 100
55 95 100
55 100 100
55 105 100
55 110 100
55 115 100
55 120 100
55 125 100
55 130 100
55 135 100
55 140 100
55 145 100
55 150 100
55 155 100
55 160 100
55 165 100
55 170 100
55 175 100
60 0 100
60 5 100
60 10 100
60 15 100
60 20 100
60 25 100
60 30 100
60 35 100
60 40 100
60 45 100
60 50 100
60 55 100
60 60 100
60 65 100
60 70 100
60 75 100
60 80 100
60 85 100
60 90 100
60 95 100
60 100 100
60 105 100
60 110 100
60 115 100
60 120 100
60 125 100
60 130 100
60 135 100
60 140 100
60 145 100
60 150 100
60 155 100
60 160 100
60 165 100
60 170 100
60 175 100
65 0 100
65 5 100
65 10 100
65 15 100
65 20 100
65 25 100
65 30 100
65 35 100
65 40 100
65 45 100
65 50 100
65 55 100
65 60 100
65 65 100
65 70 100
65 75 100
65 80 100
65 85 100
65 90 100
65 95 100
65 100 100
65 105 100
65 110 100
65 115 100
65 120 100
65 125 100
65 130 100
65 135 100
65 140 100
65 145 100
65 150 100
65 155 100
65 160 100
65 165 100
65 170 100
65 175 100
70 0 100
70 5 100
70 10 100
70 15 100
70 20 100
70 25 100
70 30 100
70 35 100
70 40 100
70 45 100
70 50 100
70 55 100
70 60 100
70 65 100
70 70 100
70 75 100
70 80 100
70 85 100
70 90 100
70 95 100
70 100 100
70 105 100
70 110 100
70 115 100
70 120 100
70 125 100
70 130 100
70 135 100
70 140 100
70 145 100
70 150 100
70 155 100
70 160 100
70 165 100
70 170 100
70 175 100
75 0 100
75 5 100
75 10 100
75 15 100
75 20 100
75 25 100
75 30 100
75 35 100
75 40 100
75 45 100
75 50 100
75 55 100
75 60 100
75 65 100
75 70 100
75 75 100
75 80 100
75 85 100
75 90 100
75 95 100
75 100 100
75 105 100
75 110 100
75 115 100
75 120 100
75 125 100
75 130 100
75 135 100
75 140 100
75 145 100
75 150 100
75 155 100
75 160 100
75 165 100
75 170 100
75 175 100
80 0 100
80 5 100
80 10 100
80 15 100
80 20 100
80 25 100
80 30 100
80 35 100
80 40 100
80 45 100
80 50 100
80 55 100
80 60 100
80 65 100
80 70 100
80 75 100
80 80 100
80 85 100
80 90 100
80 95 100
80 100 100
80 105 100
80 110 100
80 115 100
80 120 100
80 125 100
80 130 100
80 135 100
80 140 100
80 145 100
80 150 100
80 155 100
80 160 100
80 165 100
80 170 100
80 175 100
85 0 100
85 5 100
85 10 100
85 15 100
85 20 100
85 25 100
85 30 100
85 35 100
85 40 100
85 45 100
85 50 100
85 55 100
85 60 100
85 65 100
85 70 100
85 75 100
85 80 100
85 85 100
85 90 100
85 95 100
85 100 100
85 105 100
85 110 100
85 115 100
85 120 100
85 125 100
85 130 100
85 135 100
85 140 100
85 145 100
85 150 100
85 155 100
85 160 100
85 165 100
85 170 100
85 175 100
90 0 100
90 5 100
90 10 100
90 15 100
90 20 100
90 25 100
90 30 100
90 35 100
90 40 100
90 45 100
90 50 100
90 55 100
90 60 100
90 65 100
90 70 100
90 75 100
90 80 100
90 85 100
90 90 100
90 95 100
90 100 100
90 105 100
90 110 100
90 115 100
90 120 100
90 125 100
90 130 100
90 135 100
90 140 100
90 145 100
90 150 100
90 155 100
90 160 100
90 165 100
90 170 100
90 175 100
95 0 100
95 5 100
95 10 100
95 15 100
95 20 100
95 25 100
95 30 100
95 35 100
95 40 100
95 45 100
95 50 100
95 55 100
95 60 100
95 65 100
95 70 100
95 75 100
95 80 100
95 85 100
95 90 100
95 95 100
95 100 100
95 105 100
95 110 100
95 115 100
95 120 100
95 125 100
95 130 100
95 135 100
95 140 100
95 145 100
95 150 100
95 155 100
95 160 100
95 165 100
95 170 100
95 175 100
100 0 100
100 5 100
100 10 100
100 15 100
100 20 100
100 25 100
100 30 100
100 35 100
100 40 100
100 45 100
100 50 100
100 55 100
100 60 100
100 65 100
100 70 100
100 75 100
100 80 100
100 85 100
100 90 100
100 95 100
100 100 100
100 105 100
100 110 100
100 115 100
100 120 100
100 125 100
100 130 100
100 135 100
100 140 100
100 145 100
100 150 100
100 155 100
100 160 100
100 165 100
100 170 100
100 175 100
105 0 100
105 5 100
105 10 100
105 15 100
105 20 100
105 25 100
105 30 100
105 35 100
105 40 100
105 45 100
105 50 100
105 55 100
105 60 100
105 65 100
105 70 100
105 75 100
105 80 100
105 85 100
105 90 100
105 95 100
105 100 100
105 105 100
105 110 100
105 115 100
105 120 100
105 125 100
105 130 100
105 135 100
105 140 100
105 145 100
105 150 100
105 155 100
105 160 100
105 165 100
105 170 100
105 175 100
110 0 100
110 5 100
110 10 100
110 15 100
110 20 100
110 25 100
110 30 100
110 35 100
110 40 100
110 45 100
110 50 100
110 55 100
110 60 100
110 65 100
110 70 100
110 75 100
110 80 100
110 85 100
110 90 100
110 95 100
110 100 100
110 105 100
110 110 100
110 115 100
110 120 100
110 125 100
110 130 100
110 135 100
110 140 100
110 145 100
110 150 100
110 155 100
110 160 100
110 165 100
110 170 100
110 175 100
115 0 100
115 5 100
115 10 100
115 15 100
115 20 100
115 25 100
115 30 100
115 35 100
115 40 100
115 45 100
115 50 100
115 55 100
115 60 100
115 65 100
115 70 100
115 75 100
115 80 100
115 85 100
115 90 100
115 95 100
115 100 100
115 105 100
115 110 100
115 115 100
115 120 100
115 125 100
115 130 100
115 135 100
115 140 100
115 145 100
115 150 100
115 155 100
115 160 100
115 165 100
115 170 100
115 175 100
120 0 100
120 5 100
120 10 100
120 15 100
120 20 100
120 25 100
120 30 100
120 35 100
120 40 100
120 45 100
120 50 100
120 55 100
120 60 100
120 65 100
120 70 100
120 75 100
120 80 100
120 85 100
120 90 100
120 95 100
120 100 100
120 105 100
120 110 100
120 115 100
120 120 100
120 125 100
120 130 100
120 135 100
120 140 100
120 145 100
120 150 100
120 155 100
120 160 100
120 165 100
120 170 100
120 175 100
125 0 100
125 5 100
125 10 100
125 15 100
125 20 100
125 25 100
125 30 100
125 35 100
125 40 100
125 45 100
125 50 100
125 55 100
125 60 100
125 65 100
125 70 100
125 75 100
125 80 100
125 85 100
125 90 100
125 95 100
125 100 100
125 105 100
125 110 100
125 115 100
125 120 100
125 125 100
125 130 100
125 135 100
125 140 100
125 145 100
125 150 100
125 155 100
125 160 100
125 165 100
125 170 100
125 175 100
130 0 100
130 5 100
130 10 100
130 15 100
130 20 100
130 25 100
130 30 100
130 35 100
130 40 100
130 45 100
130 50 100
130 55 100
130 60 100
130 65 100
130 70 100
130 75 100
130 80 100
130 85 100
130 90 100
130 95 100
130 100 100
130 105 100
130 110 100
130 115 100
130 120 100
130 125 100
130 130 100
130 135 100
130 140 100
130 145 100
130 150 100
130 155 100
130 160 100
130 165 100
130 170 100
130 175 100
135 0 100
135 5 100
135 10 100
135 15 100
135 20 100
135 25 100
135 30 100
135 35 100
135 40 100
135 45 100
135 50 100
135 55 100
135 60 100
135 65 100
135 70 100
135 75 100
135 80 100
135 85 100
135 90 100
135 95 100
135 100 100
135 105 100
135 110 100
135 115 100
135 120 100
135 125 100
135 130 100
135 135 100
135 140 100
135 145 100
135 150 100
135 155 100
135 160 100
135 165 100
135 170 100
135 175 100
140 0 100
140 5 100
140 10 100
140 15 100
140 20 100
140 25 100
140 30 100
140 35 100
140 40 100
140 45 100
140 50 100
140 55 100
140 60 100
140 65 100
140 70 100
140 75 100
140 80 100
140 85 100
140 90 100
140 95 100
140 100 100
140 105 100
140 110 100
140 115 100
140 120 100
140 125 100
140 130 100
140 135 100
140 140 100
140 145 100
140 150 100
140 155 100
140 160 100
140 165 100
140 170 100
140 175 100
145 0 100
145 5 100
145 10 100
145 15 100
145 20 100
145 25 100
145 30 100
145 35 100
145 40 100
145 45 100
145 50 100
145 55 100
145 60 100
145 65 100
145 70 100
145 75 100
145 80 100
145 85 100
145 90 100
145 95 100
145 100 100
145 105 100
145 110 100
145 115 100
145 120 100
145 125 100
145 130 100
145 135 100
145 140 100
145 145 100
145 150 100
145 155 100
145 160 100
145 165 100
145 170 100
145 175 100
150 0 100
150 5 100
150 10 100
150 15 100
150 20 100
150 25 100
150 30 100
150 35 100
150 40 100
150 45 100
150 50 100
150 55 100
150 60 100
150 65 100
150 70 100
150 75 100
150 80 100
150 85 100
150 90 100
150 95 100
150 100 100
150 105 100
150 110 100
150 115 100
150 120 100
150 125 100
150 130 100
150 135 100
150 140 100
150 145 100
150 150 100
150 155 100
150 160 100
150 165 100
150 170 100
150 175 100
155 0 100
155 5 100
155 10 100
155 15 100
155 20 100
155 25 100
155 30 100
155 35 100
155 40 100
155 45 100
155 50 100
155 55 100
155 60 100
155 65 100
155 70 100
155 75 100
155 80 100
155 85 100
155 90 100
155 95 100
155 100 100
155 105 100
155 110 100
155 115 100
155 120 100
155 125 100
155 130 100
155 135 100
155 140 100
155 145 100
155 150 100
155 155 100
155 160 100
155 165 100
155 170 100
155 175 100
160 0 100
160 5 100
160 10 100
160 15 100
160 20 100
160 25 100
160 30 100
160 35 100
160 40 100
160 45 100
160 50 100
160 55 100
160 60 100
160 65 100
160 70 100
160 75 100
160 80 100
160 85 100
160 90 100
160 95 100
160 100 100
160 105 100
160 110 100
160 115 100
160 120 100
160 125 100
160 130 100
160 135 100
160 140 100
160 145 100
160 150 100
160 155 100
160 160 100
160 165 100
160 170 100
160 175 100
165 0 100
165 5 100
165 10 100
165 15 100
165 20 100
165 25 100
165 30 100
165 35 100
165 40 100
165 45 100
165 50 100
165 55 100
165 60 100
165 65 100
165 70 100
165 75 100
165 80 100
165 85 100
165 90 100
165 95 100
165 100 100
165 105 100
165 110 100
165 115 100
165 120 100
165 125 100
165 130 100
165 135 100
165 140 100
165 145 100
165 150 100
165 155 100
165 160 100
165 165 100
165 170 100
165 175 100
170 0 100
170 5 100
170 10 100
170 15 100
170 20 100
170 25 100
170 30 100
170 35 100
170 40 100
170 45 100
170 50 100
170 55 100
170 60 100
170 65 100
170 70 100
170 75 100
170 80 100
170 85 100
170 90 100
170 95 100
170 100 100
170 105 100
170 110 100
170 115 100
170 120 100
170 125 100
170 130 100
170 135 100
170 140 100
170 145 100
170 150 100
170 155 100
170 160 100
170 165 100
170 170 100
170 175 100
175 0 100
175 5 100
175 10 100
175 15 100
175 20 100
175 25 100
175 30 100
175 35 100
175 40 100
175 45 100
175 50 100
175 55 100
175 60 100
175 65 100
175 70 100
175 75 100
175 80 100
175 85 100
175 90 100
175 95 100
175 100 100
175 105 100
175 110 100
175 115 100
175 120 100
175 125 100
175 130 100
175 135 100
175 140 100
175 145 100
175 150 100
175 155 100
175 160 100
175 165 100
175 170 100
175 175 100
